 0.000000000000
 0.000000000000
 2.430763244629
 0.174741148949
 2.718800067902
 0.701769530773
 2.853821039200
 0.000000000000
 0.000000000000
 0.000000000000
 0.000000000000
 0.000000000000
 1.542231678963
-0.079598337412
 0.385222673416
 1.822596549988
 2.156400442123
 0.000000000000
 0.000000000000
 0.000000000000
 0.000000000000
 2.759979248047
 1.209785223007
 0.480386704206
-0.357905030251
 1.494531869888
 1.827752113342
 5.337037563324
 0.000000000000
 0.000000000000
 0.000000000000
 2.720154285431
 1.535062789917
 0.286559522152
-0.392333626747
 1.178245067596
 1.807276844978
 2.759979248047
 0.000000000000
 0.000000000000
 0.000000000000
 0.000000000000
 1.381738781929
 0.665250182152
 0.804750442505
 1.210297703743
 2.306450605392
 0.000000000000
 0.000000000000
 0.000000000000
 0.000000000000
 0.000000000000
 3.194647789001
 0.608902215958
 2.718800067902
 0.031384691596
 2.240614652634
 0.000000000000
 0.000000000000
 0.000000000000
 0.000000000000
 0.000000000000
 2.306450605392
 1.871213316917
 0.385222673416
-0.067292161286
 1.381738781929
 0.000000000000
 0.000000000000
 0.000000000000
 0.000000000000
 2.759979248047
 1.807276844978
 1.486889123917
-0.357905030251
 0.551154851913
 1.242937803268
 2.720154285431
 0.000000000000
 0.000000000000
 0.000000000000
 5.337037563324
 1.827752113342
 1.175001740456
-0.392333626747
 0.324065178633
 1.514942288399
 2.759979248047
 0.000000000000
 0.000000000000
 0.000000000000
 0.000000000000
 2.156400442123
 1.234457731247
 0.804750442505
 0.651810050011
 1.542231678963
 0.000000000000
 0.000000000000
 0.000000000000
