 0.000000000000
 0.000000000000
 0.000000000000
 0.000000000000
 0.000000000000
 0.000000000000
 0.000000000000
 3.315391302109
 2.171198844910
 1.918438911438
 0.592580080032
 0.107739657164
 0.411953896284
 1.052967905998
 2.718800067902
 1.778169870377
 0.907096743584
 0.610789835453
 1.471390604973
 2.205090522766
 2.807057857513
 3.315391302109
 0.000000000000
 0.000000000000
 0.000000000000
 0.000000000000
 0.000000000000
 0.000000000000
 0.000000000000
 0.000000000000
 0.000000000000
 0.000000000000
 0.000000000000
 0.000000000000
 0.000000000000
 0.000000000000
 0.000000000000
 2.824907064438
 1.963162064552
 1.776560664177
 0.665772736073
-0.299974441528
-0.341835379601
 0.706453979015
 2.536721944809
 1.626758575439
 1.342509865761
 1.155689358711
 1.620835661888
 2.423751592636
 2.236365795135
 3.157440662384
 0.000000000000
 0.000000000000
 0.000000000000
 0.000000000000
 0.000000000000
 0.000000000000
 0.000000000000
 0.000000000000
 0.000000000000
 0.000000000000
 0.000000000000
 0.000000000000
 0.000000000000
 0.000000000000
 0.000000000000
 2.147162437439
 1.705955982208
 1.589488625526
 1.212888002396
-0.391113996506
-0.562729299068
-0.041539352387
 1.820732235909
 1.510999321938
 1.470225691795
 1.827639102936
 1.794526696205
 2.014045000076
 2.156766891479
 2.778412342072
 6.049463748932
 0.000000000000
 0.000000000000
 0.000000000000
 0.000000000000
 0.000000000000
 0.000000000000
 0.000000000000
 0.000000000000
 0.000000000000
 0.000000000000
 0.000000000000
 0.000000000000
 0.000000000000
 3.655080080032
 1.695238828659
 1.477195143700
 1.407024264336
 0.888460814953
-0.207792088389
-0.449758678675
-0.127414792776
 0.385222673416
 1.649539470673
 1.752318501472
 1.821615338326
 1.662755846977
 1.789586424828
 2.006323337555
 2.438931465149
 3.941591262817
 0.000000000000
 0.000000000000
 0.000000000000
 0.000000000000
 0.000000000000
 0.000000000000
 0.000000000000
 0.000000000000
 0.000000000000
 0.000000000000
 0.000000000000
 0.000000000000
 0.000000000000
 1.874926924706
 1.420812368393
 1.299577951431
 1.310879707336
 0.567658901215
-0.040492713451
-0.200087979436
-0.302031457424
-0.135548993945
 1.063551783562
 1.558253526688
 1.496621608734
 1.695968151093
 2.050465106964
 1.852711796761
 2.179981708527
 2.947774410248
 5.621306419373
 0.000000000000
 0.000000000000
 0.000000000000
 0.000000000000
 0.000000000000
 0.000000000000
 0.000000000000
 0.000000000000
 0.000000000000
 0.000000000000
 0.000000000000
 3.305901288986
 1.469824314117
 1.249381184578
 1.260848164558
 1.186985492706
 0.491332679987
 0.112232938409
 0.056967020035
-0.074304804206
-0.195344701409
 0.327588379383
 0.832172572613
 1.443836808205
 1.713683724403
 2.038346052170
 1.915455222130
 2.001335620880
 2.536662340164
 4.723936080933
 0.000000000000
 0.000000000000
 0.000000000000
 0.000000000000
 0.000000000000
 0.000000000000
 0.000000000000
 0.000000000000
 0.000000000000
 0.000000000000
 0.000000000000
 1.815828561783
 1.285524845123
 1.144139051437
 1.194670081139
 1.067166090012
 0.574217081070
 0.454474151134
 0.033092886209
-0.066136285663
-0.357905030251
-0.095205858350
 0.417459309101
 1.104239463806
 1.873504281044
 2.003125667572
 1.973018884659
 1.896070122719
 2.340327262878
 3.626078844070
 2.488251447678
 0.000000000000
 0.000000000000
 0.000000000000
 0.000000000000
 0.000000000000
 0.000000000000
 0.000000000000
 0.000000000000
 0.000000000000
 1.989630937576
 1.532436251640
 1.197190403938
 1.087670087814
 1.042640209198
 1.183002114296
 0.840910315514
 0.522478044033
-0.030071854591
-0.276786953211
-0.419069498777
-0.198488518596
 0.333797305822
 0.890829503536
 1.715166687965
 1.984186768532
 1.975999593735
 1.857982039452
 2.278604984283
 3.414051771164
 3.389119386673
 0.000000000000
 0.000000000000
 0.000000000000
 0.000000000000
 0.000000000000
 0.000000000000
 0.000000000000
 0.000000000000
 0.000000000000
 3.389119386673
 1.460959434509
 1.171446681023
 1.071882128716
 1.223333597183
 1.294350385666
 1.002402782440
 0.307764738798
-0.238520607352
-0.266033142805
-0.404191404581
-0.174450412393
 0.395034849644
 1.124790787697
 1.428898572922
 1.992331862450
 1.975219726562
 1.884460449219
 2.332949161530
 3.652964830399
 1.989630937576
 0.000000000000
 0.000000000000
 0.000000000000
 0.000000000000
 0.000000000000
 0.000000000000
 0.000000000000
 0.000000000000
 0.000000000000
 2.488251447678
 1.524631142616
 1.200685620308
 1.296452522278
 1.404137015343
 1.337608933449
 1.191846251488
 0.140591472387
-0.239208132029
-0.269596964121
-0.392333626747
 0.019601391628
 0.878543376923
 1.126694798470
 1.363842129707
 1.672019720078
 1.948746681213
 1.977340340614
 2.519550085068
 4.861876964569
 0.000000000000
 0.000000000000
 0.000000000000
 0.000000000000
 0.000000000000
 0.000000000000
 0.000000000000
 0.000000000000
 0.000000000000
 0.000000000000
 0.000000000000
 1.790390968323
 1.406183362007
 1.499656677246
 1.522229552269
 1.237666964531
 1.097462773323
 0.250270813704
-0.241546511650
-0.287665903568
-0.356328815222
 0.465575933456
 0.964742422104
 1.167599320412
 1.355741858482
 1.568037867546
 1.812546133995
 2.142320871353
 2.912365436554
 5.445631027222
 0.000000000000
 0.000000000000
 0.000000000000
 0.000000000000
 0.000000000000
 0.000000000000
 0.000000000000
 0.000000000000
 0.000000000000
 0.000000000000
 0.000000000000
 3.057672262192
 1.803253769875
 1.729537725449
 1.464959144592
 1.252388596535
 1.187098145485
 0.506596386433
-0.224729105830
-0.305175811052
-0.148847162724
 0.973420202732
 1.062917351723
 1.210469961166
 1.340570211411
 1.422292828560
 1.959070205688
 2.386541128159
 3.838281393051
 0.000000000000
 0.000000000000
 0.000000000000
 0.000000000000
 0.000000000000
 0.000000000000
 0.000000000000
 0.000000000000
 0.000000000000
 0.000000000000
 0.000000000000
 0.000000000000
 0.000000000000
 2.400601148605
 2.046869277954
 1.346644997597
 1.313398003578
 1.360241770744
 0.433878690004
 0.095645502210
-0.203391984105
 0.804750442505
 1.115775465965
 1.130773782730
 1.198754787445
 1.224435210228
 1.237375617027
 2.116020917892
 2.712457656860
 6.312599182129
 0.000000000000
 0.000000000000
 0.000000000000
 0.000000000000
 0.000000000000
 0.000000000000
 0.000000000000
 0.000000000000
 0.000000000000
 0.000000000000
 0.000000000000
 0.000000000000
 0.000000000000
 4.128919124603
 2.540784120560
 1.539791584015
 1.479571461678
 1.469617724419
 0.340283513069
-0.001425491297
 0.694184124470
 1.301446080208
 1.141116738319
 1.094949603081
 1.030192494392
 0.783556580544
 1.348577976227
 2.225179910660
 3.092937707901
 0.000000000000
 0.000000000000
 0.000000000000
 0.000000000000
 0.000000000000
 0.000000000000
 0.000000000000
 0.000000000000
 0.000000000000
 0.000000000000
 0.000000000000
 0.000000000000
 0.000000000000
 0.000000000000
 0.000000000000
 3.886596679688
 1.781279206276
 1.668478250504
 1.637249350548
 0.242718651891
 0.115900956094
 2.110572814941
 1.829808950424
 1.129517674446
 0.842627763748
 0.334121912718
 0.664084196091
 1.950547575951
 2.207753658295
 3.328625202179
 0.000000000000
 0.000000000000
 0.000000000000
 0.000000000000
 0.000000000000
 0.000000000000
 0.000000000000
 0.000000000000
 0.000000000000
 0.000000000000
 0.000000000000
 0.000000000000
 0.000000000000
 0.000000000000
 0.000000000000
 3.367197990417
 2.789422750473
 1.844016790390
 1.776044368744
 0.498526155949
 0.729508340359
 1.823792338371
 2.718800067902
 1.033129334450
 0.215020686388
-0.039237704128
 0.571025133133
 1.844016790390
 2.034730195999
 2.950155258179
 0.000000000000
 0.000000000000
 0.000000000000
 0.000000000000
 0.000000000000
 0.000000000000
 0.000000000000
 0.000000000000
 0.000000000000
 0.000000000000
 0.000000000000
 0.000000000000
 0.000000000000
 0.000000000000
 0.000000000000
 3.328625202179
 2.706270456314
 2.481404066086
 1.283461332321
 0.779772400856
 1.274299383163
 1.637444376945
 2.536721944809
 0.693536102772
-0.453451514244
-0.399671256542
 0.895067989826
 1.668478250504
 1.781279206276
 2.253777027130
 0.000000000000
 0.000000000000
 0.000000000000
 0.000000000000
 0.000000000000
 0.000000000000
 0.000000000000
 0.000000000000
 0.000000000000
 0.000000000000
 0.000000000000
 0.000000000000
 0.000000000000
 0.000000000000
 0.000000000000
 3.092937707901
 2.225179910660
 2.303729295731
 1.648466348648
 1.692194819450
 1.459595441818
 1.528019070625
 1.820732235909
-0.080028392375
-0.608274996281
-0.339523851871
 1.217157602310
 1.479571461678
 1.539791584015
 1.760169982910
 4.128919124603
 0.000000000000
 0.000000000000
 0.000000000000
 0.000000000000
 0.000000000000
 0.000000000000
 0.000000000000
 0.000000000000
 0.000000000000
 0.000000000000
 0.000000000000
 0.000000000000
 0.000000000000
 6.312599182129
 2.712457656860
 2.116020917892
 1.861758708954
 1.850547790527
 1.862171888351
 1.765743494034
 1.627297639847
 0.385222673416
-0.120163187385
-0.387671202421
-0.174475058913
 0.712280273438
 1.385778069496
 1.346644997597
 1.460766673088
 1.915987968445
 0.000000000000
 0.000000000000
 0.000000000000
 0.000000000000
 0.000000000000
 0.000000000000
 0.000000000000
 0.000000000000
 0.000000000000
 0.000000000000
 0.000000000000
 0.000000000000
 0.000000000000
 3.838281393051
 2.386541128159
 1.959070205688
 1.991465806961
 1.688726305962
 1.650954842567
 1.619747042656
 1.299903154373
-0.135548993945
-0.228917956352
-0.150994181633
 0.020270796493
 0.508172214031
 1.256032705307
 1.275304794312
 1.274455070496
 1.486226797104
 3.057672262192
 0.000000000000
 0.000000000000
 0.000000000000
 0.000000000000
 0.000000000000
 0.000000000000
 0.000000000000
 0.000000000000
 0.000000000000
 0.000000000000
 0.000000000000
 5.445631027222
 2.912365436554
 2.142320871353
 1.812546133995
 2.053284168243
 1.701006412506
 1.460743427277
 1.242192864418
 0.390194058418
-0.195344701409
-0.066726811230
 0.039153754711
 0.245149016380
 0.495071679354
 1.093823790550
 1.170869112015
 1.159026622772
 1.293613314629
 1.790390968323
 0.000000000000
 0.000000000000
 0.000000000000
 0.000000000000
 0.000000000000
 0.000000000000
 0.000000000000
 0.000000000000
 0.000000000000
 0.000000000000
 0.000000000000
 4.861876964569
 2.519550085068
 1.977340340614
 1.948746681213
 2.023353815079
 1.754970431328
 1.425500035286
 0.466260731220
-0.065748244524
-0.357905030251
-0.074493937194
 0.027114856988
 0.513617038727
 0.741348683834
 1.039249658585
 1.052491426468
 1.094633817673
 1.200685620308
 1.524631142616
 2.488251447678
 0.000000000000
 0.000000000000
 0.000000000000
 0.000000000000
 0.000000000000
 0.000000000000
 0.000000000000
 0.000000000000
 0.000000000000
 1.989630937576
 3.652964830399
 2.332949161530
 1.884460449219
 1.975219726562
 1.992331862450
 1.935610175133
 0.905686795712
 0.339660406113
-0.199527323246
-0.419069498777
-0.274780660868
-0.070354707539
 0.424003601074
 0.915627479553
 1.262084007263
 1.155508518219
 1.071882128716
 1.171446681023
 1.460959434509
 3.389119386673
 0.000000000000
 0.000000000000
 0.000000000000
 0.000000000000
 0.000000000000
 0.000000000000
 0.000000000000
 0.000000000000
 0.000000000000
 3.389119386673
 3.414051771164
 2.278604984283
 1.857982039452
 1.975999593735
 1.984186768532
 1.508883833885
 1.060312747955
 0.366461694241
-0.178879633546
-0.404191404581
-0.265695512295
-0.238382562995
 0.123633988202
 1.105056285858
 1.325775980949
 1.323617577553
 1.252672195435
 1.197190403938
 1.532436251640
 1.989630937576
 0.000000000000
 0.000000000000
 0.000000000000
 0.000000000000
 0.000000000000
 0.000000000000
 0.000000000000
 0.000000000000
 0.000000000000
 2.488251447678
 3.626078844070
 2.340327262878
 1.896070122719
 1.973018884659
 1.817281365395
 1.382770180702
 1.119790554047
 0.610030949116
-0.019154412672
-0.392333626747
-0.271001666784
-0.239813610911
 0.163694649935
 1.064162254333
 1.323284268379
 1.565495610237
 1.463646173477
 1.374413609505
 1.815828561783
 0.000000000000
 0.000000000000
 0.000000000000
 0.000000000000
 0.000000000000
 0.000000000000
 0.000000000000
 0.000000000000
 0.000000000000
 0.000000000000
 0.000000000000
 4.723936080933
 2.536662340164
 2.001335620880
 1.915455222130
 1.621266484261
 1.356580853462
 1.150854706764
 0.942261815071
 0.380572915077
-0.356328815222
-0.290467798710
-0.241156041622
 0.360078841448
 1.135121703148
 1.230843186378
 1.547198414803
 1.683563232422
 1.776525616646
 3.305901288986
 0.000000000000
 0.000000000000
 0.000000000000
 0.000000000000
 0.000000000000
 0.000000000000
 0.000000000000
 0.000000000000
 0.000000000000
 0.000000000000
 0.000000000000
 5.621306419373
 2.947774410248
 2.179981708527
 1.852711796761
 1.527052164078
 1.353007793427
 1.198002219200
 1.040595412254
 0.953081369400
-0.148847162724
-0.304156988859
-0.207237347960
 0.477781206369
 1.318226933479
 1.309051752090
 1.299577951431
 1.981189250946
 2.349318981171
 0.000000000000
 0.000000000000
 0.000000000000
 0.000000000000
 0.000000000000
 0.000000000000
 0.000000000000
 0.000000000000
 0.000000000000
 0.000000000000
 0.000000000000
 0.000000000000
 0.000000000000
 3.941591262817
 2.438931465149
 2.006323337555
 1.193480134010
 1.301333904266
 1.214180827141
 1.120786666870
 1.103144884109
 0.804750442505
-0.165291041136
 0.049099233001
 0.440009146929
 1.425400853157
 1.407024264336
 1.477195143700
 2.425762653351
 3.886860847473
 0.000000000000
 0.000000000000
 0.000000000000
 0.000000000000
 0.000000000000
 0.000000000000
 0.000000000000
 0.000000000000
 0.000000000000
 0.000000000000
 0.000000000000
 0.000000000000
 0.000000000000
 6.049463748932
 2.778412342072
 2.156766891479
 1.274094700813
 1.025743007660
 1.117118120193
 1.118054747581
 1.133347153664
 1.301446080208
 1.056590795517
-0.017881950364
 0.299562484026
 1.549053430557
 1.589488625526
 1.705955982208
 3.666095256805
 0.000000000000
 0.000000000000
 0.000000000000
 0.000000000000
 0.000000000000
 0.000000000000
 0.000000000000
 0.000000000000
 0.000000000000
 0.000000000000
 0.000000000000
 0.000000000000
 0.000000000000
 0.000000000000
 0.000000000000
 3.157440662384
 2.236365795135
 1.450925946236
 0.729156553745
 0.737152755260
 0.928628742695
 1.138758301735
 1.829808950424
 2.117177009583
 0.208540722728
 0.305728465319
 1.709071040154
 1.776560664177
 1.963162064552
 3.521269559860
 0.000000000000
 0.000000000000
 0.000000000000
 0.000000000000
 0.000000000000
 0.000000000000
 0.000000000000
 0.000000000000
